tree
version=v4
num_class=1
num_tree_per_iteration=1
label_index=0
max_feature_idx=43
objective=binary sigmoid:1
feature_names=price_change_m5 volume_m5 buys_m5 sells_m5 price_change_3m price_change_10m price_change_15m price_volatility_15m price_trend_15m price_vs_session_high consecutive_green_candles volume_sum_15m buys_sum_15m sells_sum_15m buy_sell_ratio_15m vol_acceleration_15m vol_to_liquidity_15m avg_trade_size_15m volume_trend_15m price_change_h1 volume_h1 buys_h1 sells_h1 buyer_seller_ratio_h1 price_change_h6 price_change_h24 volume_h6 volume_h24 momentum_accel buy_pressure_10m token_age_hours liquidity_usd market_cap liq_to_mcap_ratio pool_count has_socials boost_count fdv fdv_mcap_ratio liq_quote_change_10m prev_buys_m5 prev_sells_m5 is_graduated buyer_seller_ratio_h24
feature_infos=[-99.959999999999994:1322443] [0:358579.40000000002] [0:2481] [0:7722] [-99.960297310840147:286265.50308008213] [-99.960506256292248:394300.45248868782] [-99.962394084116468:338080.6930693069] [0:102493.52432587791] [-0.017709173458646619:0.015526841052631577] [-99.974949679780423:0] [0:19] [0:5052036.5199999996] [0:21345] [0:44481] [0:1] [0:1] [0:175.74715769542806] [0:6461.8222222222221] [-68273.550000000003:26190.495000000003] [-99.969999999999999:1087542] [0:2998239.4700000002] [0:30897] [0:20735] [0:1] [-99.969999999999999:5171661] [-99.909999999999997:505522] [1.3:8942345.3100000005] [1.3:12423311.460000001] [-255579.38276896701:255147.45435694137] [0:357] [0.13072639666666666:167.33584779777777] [78.469999999999999:9097791.3599999994] [155:697343218] [0.00016781676097244656:370.71941935483875] none [0:1] [0:1000] [155:697343218] [0.99996034263959388:1.0416695695537865] [-99.991492693110644:1133530.7863915227] [0:2475] [0:7572] [0:1] [0.10645425154831925:0.89274234478091696]
tree_sizes=3388 3436 3440 3430 3444 3450 3447 3455 3445 3443 3438

Tree=0
num_leaves=31
num_cat=0
split_feature=16 31 26 32 24 25 27 26 27 21 31 31 7 26 19 12 25 27 26 27 21 19 19 27 25 36 17 37 31 25
split_gain=1569.53 1119.26 651.622 492.74 339.251 281.268 203.079 177.777 169.886 168.531 142.473 142.447 136.04 130.541 125.111 113.342 108.391 169.387 134.665 107.553 196.233 120.611 105.493 96.2464 95.1199 93.278 91.5221 87.1381 84.194 83.9352
threshold=1.7901341185519837 47139.610000000008 175860.67000000001 33404.500000000007 229.50000000000003 92.575000000000003 1566133.0850000002 53243.860000000008 3436443.9700000007 300.50000000000006 10583.080000000002 11069.535000000002 2.4590109979392825 979086.59000000008 11.615 1609.5000000000002 520.50000000000011 1791377.5050000001 339879.97500000003 687791.57000000018 142.50000000000003 -0.8849999999999999 -20.614999999999998 421791.19500000007 80.155000000000015 45.000000000000007 41.708510776793581 688770.00000000012 32334.220000000005 82.655000000000015
decision_type=2 2 2 2 2 2 2 2 2 2 2 2 2 2 2 2 2 2 2 2 2 2 2 2 2 2 2 2 2 2
left_child=1 2 3 10 7 19 9 -5 13 -2 -1 -11 15 14 -7 -8 23 18 -18 22 21 -21 -3 -4 -12 -25 -24 -22 -6 -17
right_child=6 5 16 4 28 8 12 -9 -10 11 24 -13 -14 -15 -16 29 17 -19 -20 20 27 -23 26 25 -26 -27 -28 -29 -30 -31
leaf_value=-0.91525545092822957 -0.97225979366716864 -0.92260354709817149 -0.9588023149233379 -0.98571965623329039 -0.92327360220917776 -0.96788178893270371 -0.95201047596027921 -0.97057588161972252 -0.92196879181996472 -0.90068293277966249 -0.95498931843889634 -0.94072865716712695 -0.95161991244126642 -1.0250020157768669 -0.99774422699085707 -0.9447445468102349 -0.99751596372308959 -1.0100922896596514 -0.92946151726268744 -0.95052723073262713 -0.98869392672193879 -0.99542179753373949 -0.99186889392118016 -0.94518845936202567 -0.90821787875970839 -0.92715194725486649 -1.0286157275704932 -1.0166581825298744 -0.99152025143368971 -1.0136482320725548
leaf_weight=105.01175938546658 149.46726796030998 10.753010183572767 266.68403877317905 1022.9514402151108 144.22755490243435 468.47726006805897 73.613439917564392 2194.0416717678308 49.187911435961723 82.272271558642387 733.15547052025795 2824.5692777037621 847.44524060189724 52.807456210255623 172.85538491606712 19.607897758483887 36.061727598309517 56.895600199699402 95.389921993017197 121.82283997535706 167.19098755717278 96.534518837928772 85.022571846842766 723.67443166673183 41.340464919805527 401.08027629554272 215.89427375793457 250.6132670044899 18.337487608194351 84.394338995218277
leaf_count=267 559 29 922 4115 391 1709 244 8128 132 184 2476 8693 2802 256 739 62 154 258 271 400 683 408 353 2295 99 1120 1063 1171 76 389
internal_value=-0.96005 -0.96817 -0.961945 -0.968049 -0.973255 -0.989661 -0.945068 -0.975391 -0.975846 -0.941193 -0.948047 -0.939595 -0.956623 -0.979664 -0.97593 -0.980496 -0.94549 -0.966848 -0.948131 -1.0005 -0.993422 -0.970375 -1.01493 -0.942599 -0.952493 -0.938757 -1.01823 -1.00547 -0.930972 -1.00066
internal_weight=11611.4 7530.01 5838.85 4259.07 3379.56 1691.16 4081.37 3216.99 743.328 3056.31 879.508 2906.84 1025.06 694.14 641.333 177.616 1579.79 188.347 131.452 947.831 636.162 218.357 311.67 1391.44 774.496 1124.75 300.917 417.804 162.565 104.002
internal_count=40448 27515 20572 15552 12710 6943 12933 12243 2836 9436 2842 8877 3497 2704 2448 695 5020 683 425 4107 2662 808 1445 4337 2575 3415 1416 1854 467 451
is_linear=0
shrinkage=1


Tree=1
num_leaves=31
num_cat=0
split_feature=16 32 25 26 32 43 27 24 13 5 32 26 43 23 27 7 26 43 24 27 25 21 32 27 24 21 17 43 25 26
split_gain=1420.59 1055.87 664.612 413.501 310.797 258.81 197.264 189.063 170.963 171.048 163.196 190.495 188.186 183.672 148.532 124.546 116.173 115.952 221.87 177.728 100.032 98.4569 99.527 98.084 104.689 97.0861 96.3821 92.6273 125.969 87.6562
threshold=1.3850571946836008 167744.00000000003 98.110000000000014 175860.67000000001 30855.500000000004 0.49452793832196756 2442492.4150000005 257.50000000000006 1875.5000000000002 -17.137568312249773 673318.50000000012 313501.37500000006 0.60311045992904988 0.40747728860936411 39300.855000000003 2.4400954519864828 1092627.3400000001 0.56437425756612325 -25.744999999999994 180857.92500000002 152.50000000000003 300.50000000000006 840120.00000000012 704958.17500000016 90.155000000000015 5097.5000000000009 56.814636127769987 0.54623705802724809 64.245000000000019 721452.85000000009
decision_type=2 2 2 2 2 2 2 2 2 2 2 2 2 2 2 2 2 2 2 2 2 2 2 2 2 2 2 2 2 2
left_child=1 3 -3 4 17 14 8 -7 9 -2 11 12 -4 -12 -6 20 -13 18 -1 -19 -8 -11 -23 24 -5 29 -22 -25 -29 -17
right_child=6 2 10 23 5 7 15 -9 -10 21 13 16 -14 -15 -16 25 -18 19 -20 -21 26 22 -24 27 -26 -27 -28 28 -30 -31
leaf_value=0.05362168704159103 0.061826209215361749 -0.005585729917614162 0.011924356679587729 0.021650519895743171 0.071192421796035868 0.026159171843809489 0.03191272284409935 0.076490176694115397 0.059120767688351311 0.024933065385601708 0.066493089114619638 0.055451873889239431 0.047625220028399522 -0.010302623201671513 -0.0055441193588720294 0.023646396107203909 -0.00045366568012984753 0.077296936734222804 0.0075942016608869702 0.027013503600130107 -0.036628701754342068 0.044990199874226762 0.0065914824489053834 0.044818207353364101 0.055345437645627202 -0.0020824021333584351 0.055250084880168783 0.090875504178034833 0.054130304904338823 0.048364847311203385
leaf_weight=248.66917049884796 458.34193342924118 1310.1481460183859 511.78731305897236 175.61225309967995 24.423795431852341 2300.2332731336355 67.316878765821457 69.190819323062897 1020.2896908521652 273.84560205042362 33.086184918880463 289.17300422489643 179.48778322339058 183.38692487776279 321.96810203790665 185.32922299206257 37.829406395554543 196.31211531162262 151.78948047757149 93.343187510967255 55.576550766825676 2253.7071677297354 62.4334317445755 284.06630122661591 157.34145356714725 51.347566083073616 12.606448590755461 133.29877752065659 226.87891797721386 425.69023479521275
leaf_count=738 1274 5664 2000 639 63 8297 231 168 2897 990 91 849 564 805 1377 669 159 482 599 329 278 7073 249 891 463 213 38 287 668 1315
internal_value=0.0333938 0.0246677 0.00929758 0.0335918 0.0286562 0.0240879 0.0458164 0.0276289 0.0484911 0.0449334 0.0250897 0.0301184 0.021194 0.00143499 -0.000133492 0.032177 0.0489844 0.0466338 0.0361755 0.0610928 0.00597104 0.0419439 0.0439551 0.0507944 0.0375735 0.0375379 -0.0196411 0.0576272 0.0677294 0.0408675
internal_weight=11794.5 6928.03 2544.9 4383.13 3405.93 2715.82 4866.48 2369.42 4068.62 3048.33 1234.75 1018.28 691.275 216.473 346.392 797.867 327.002 690.114 400.459 289.655 135.5 2589.99 2316.14 977.198 332.954 662.367 68.183 644.244 360.178 611.019
internal_count=40360 25133 10132 15001 12053 9905 15227 8465 12483 9586 4468 3572 2564 896 1440 2744 1008 2148 1337 811 547 8312 7322 2948 1102 2197 316 1846 955 1984
is_linear=0
shrinkage=0.03


Tree=2
num_leaves=31
num_cat=0
split_feature=30 30 25 32 26 43 27 19 32 43 6 43 32 32 30 27 27 27 23 1 6 32 27 26 26 37 27 27 43 20
split_gain=2144.67 681.034 582.869 235.239 309.084 265.989 232.579 188.218 167.228 184.55 167.013 162.839 153.75 148.039 172.253 147.166 144.718 144.42 143.288 143.843 136.744 125.686 116.82 101.447 117.718 98.2233 92.141 259.568 139.531 110.08
threshold=36.097948349166678 8.3981722548611124 180.50000000000003 340950.00000000006 165560.74000000002 0.54425319656138671 5755706.6000000006 0.53500000000000014 149903.50000000003 0.49211055892605776 -3.416714722501212 0.54340487819635352 18363.000000000004 370972.50000000006 66.729514545555574 3436443.9700000007 739010.03000000014 481304.19500000007 0.73912174955271082 234.64500000000001 -5.9738818942565093 875720.50000000012 2584442.3050000006 406329.07500000007 35170.775000000009 296739.00000000006 1096000.0150000004 1160626.5450000002 0.53541459010422954 32589.935000000001
decision_type=2 2 2 2 2 2 2 2 2 2 2 2 2 2 2 2 2 2 2 2 2 2 2 2 2 2 2 2 2 2
left_child=1 10 8 4 12 7 18 -6 9 -2 -1 16 -3 17 21 -14 -11 25 19 -5 -13 -15 23 24 -12 -4 29 -28 -29 -10
right_child=2 3 13 6 5 -7 -8 -9 26 11 22 20 15 14 -16 -17 -18 -19 -20 -21 -22 -23 -24 -25 -26 -27 27 28 -30 -31
leaf_value=0.054470575142569373 -0.01643249493984154 0.076142894523984622 0.046008719581795525 -0.025067569233040796 0.038336940423821436 0.052893374682859123 0.067193363908516532 -0.0030673110508512851 -0.0037692075195862387 0.022321075618225716 0.066251527742474434 0.027959103660013356 0.027775409589509692 0.06469069812683241 -0.02727808548363082 -0.029520063298783639 0.069118727072379246 0.085351605187710705 -0.028601959798250781 0.021313010387487938 -0.020500089030122216 -0.0018284321886395077 -0.0087706502141354555 0.049929906773208819 0.034629209269679377 -0.031704406152085481 0.063974345718346273 -0.02020860869499487 0.026727635725285553 -0.028670107901882572
leaf_weight=1891.4904603809118 159.71860146522522 58.147342547774315 149.58466091752052 64.616827055811882 337.91165912151337 1141.6234195679426 83.890979811549187 139.64987997710705 853.21315741539001 414.7464367300272 116.78289701044559 84.780113488435745 2235.3222057074308 67.824594005942345 50.812840595841408 41.088333338499069 69.428147062659264 91.523249357938766 63.005848854780197 876.66579042375088 137.2525946944952 41.028964251279831 39.219841033220291 1135.3941971212626 1142.0509135723114 16.22525754570961 64.047370985150337 162.19586911797523 87.891649797558784 196.59561739861965
leaf_count=5339 720 136 462 302 1081 3283 218 571 3655 1503 305 293 7809 184 237 196 180 199 298 3188 617 172 166 3307 3727 77 183 748 312 949
internal_value=0.0323117 0.0390497 0.00846693 0.0315577 0.0349573 0.0450291 0.0192059 0.0262294 0.00237902 0.0126899 0.0477838 0.0192763 0.0279717 0.0410215 0.018329 0.0267412 0.0290316 0.0551015 0.0151973 0.0181291 -0.00199662 0.0396184 0.0425863 0.0434276 0.0375628 0.0384041 -0.00416702 0.0100873 -0.00371317 -0.00843235
internal_weight=12013.7 9366.86 2646.87 5041.92 3953.74 1619.18 1088.18 477.562 2229.87 865.926 4324.94 706.207 2334.56 417 159.666 2276.41 484.175 257.333 1004.29 941.283 222.033 108.854 2433.45 2394.23 1258.83 165.81 1363.94 314.135 250.088 1049.81
internal_count=40417 29926 10491 17082 13076 4935 4006 1652 9160 3313 12844 2593 8141 1331 593 8005 1683 738 3788 3490 910 356 7505 7339 4032 539 5847 1243 1060 4604
is_linear=0
shrinkage=0.03


Tree=3
num_leaves=31
num_cat=0
split_feature=30 30 25 33 31 24 33 33 27 6 27 33 26 24 30 27 26 32 40 23 27 33 22 25 24 25 20 24 30 30
split_gain=1781.12 664.324 483.5 356.904 245.968 243.597 222.582 191.57 169.008 159.891 153.722 134.751 285.706 219.195 130.973 108.102 104.712 115.048 91.556 106.129 89.6181 89.0989 87.9244 84.2774 84.0945 83.9264 81.285 80.8811 78.4835 74.1807
threshold=36.097948349166678 8.3981722548611124 180.50000000000003 0.25378595983447605 23720.975000000002 -34.664999999999992 0.12893149114907212 0.13057206862061013 500812.87000000005 -3.416714722501212 5755706.6000000006 0.13343724329603354 419110.51500000007 67.745000000000019 99.50806243000001 2584442.3050000006 158043.90500000003 35870.500000000007 124.50000000000001 0.61242503665762393 989066.07500000007 0.28242248070665826 2194.5000000000005 -51.42499999999999 148.50000000000003 184.50000000000003 6304.9250000000002 -78.164999999999978 88.184798698750015 41.125261096944449
decision_type=2 2 2 2 2 2 2 2 2 2 2 2 2 2 2 2 2 2 2 2 2 2 2 2 2 2 2 2 2 2
left_child=1 9 3 18 14 7 20 25 21 -1 11 13 -13 -7 23 22 17 -9 29 28 -4 -8 26 -5 -23 -3 -11 -18 -20 -2
right_child=2 5 6 4 -6 10 8 16 -10 15 -12 12 -14 -15 -16 -17 27 -19 19 -21 -22 24 -24 -25 -26 -27 -28 -29 -30 -31
leaf_value=0.051269085369083034 -0.025865303069362553 0.048109633887810449 -0.025979100073844574 -4.8488534554676179e-05 0.054037752207247165 0.00222849927546188 0.018975887420998479 0.044801859471674484 0.082382184595657215 0.056769353443331366 0.070340812777733561 0.022397410017568307 0.048719652842343683 0.035464849701007758 -0.039212546280988032 -0.010117182923036037 0.025236233183745658 0.020269345394195677 0.034953233337972234 0.071363824953719374 0.02714657169855007 0.084261910338559148 0.051671204272776272 0.029081204742338482 0.011773170689868197 -0.032825137686673105 0.035712883963715636 0.052084768131169717 -0.037849644993071613 -0.0037049322043134609
leaf_weight=1926.583359465003 150.39514267444611 15.296196117997168 51.990430638194084 157.11792096495628 166.17598479986191 553.29865771532059 115.76446259021759 336.26624356210232 107.23227021098137 181.88799376785755 64.48622815310955 2161.2398187071085 448.06206957995892 263.69796618819237 42.353155180811882 38.485524624586105 118.25124825537205 352.27963837981224 28.586260363459587 30.17277480661869 63.460550382733345 47.382450506091118 508.25886295735836 207.36268280446529 20.694272950291634 46.846693947911263 1776.9978869408369 691.52374957501888 24.965484887361526 1415.4548916220665
leaf_count=5336 702 46 242 636 476 2228 420 1003 223 492 154 7624 1285 862 213 165 398 1273 96 79 221 103 1402 719 74 226 5578 1936 125 6049
internal_value=0.0302373 0.0362945 0.00838842 0.0028863 0.0232836 0.0288568 0.03847 0.0387103 0.0524505 0.044771 0.024452 0.0235883 0.0269174 0.012956 0.0107217 0.0397746 0.040851 0.0322503 -0.00419908 0.0263661 0.00322277 0.0349916 0.0405528 0.0165242 0.0622265 -0.0129034 0.037668 0.0481641 0.00101299 -0.00583337
internal_weight=12112.6 9483.46 2629.11 2222.58 573.01 5051.25 406.524 1560.46 291.073 4432.21 3490.78 3426.3 2609.3 816.997 406.834 2505.63 1498.32 688.546 1649.57 83.7245 115.451 183.841 2467.14 364.481 68.0767 62.1429 1958.89 809.775 53.5517 1565.85
internal_count=40386 30008 10378 9095 2044 17035 1283 4882 820 12973 12153 11999 8909 3090 1568 7637 4610 2276 7051 300 463 597 7472 1355 177 272 6070 2334 221 6751
is_linear=0
shrinkage=0.03


Tree=4
num_leaves=31
num_cat=0
split_feature=30 30 25 9 37 31 43 37 7 36 6 43 31 30 37 43 19 26 43 7 30 19 26 30 31 26 22 24 26 21
split_gain=1754.79 577.896 442.186 211.306 154.342 220.173 160.122 152.259 204.758 150.654 137.388 121.207 119.421 141.076 116.013 110.015 109.718 108.609 108.382 106.981 101.998 88.3998 101.924 80.031 75.7237 73.6196 76.5106 73.3017 114.433 87.6468
threshold=36.097948349166678 8.5438002397222252 180.50000000000003 -13.291769745377994 148314.00000000003 33183.630000000012 0.49334722592618768 341273.50000000006 1.7293366329008106 45.000000000000007 2.6315789473684319 0.66055440015242428 47971.31500000001 66.729514545555574 875552.00000000012 0.54118764759816407 28.275000000000002 133335.28000000003 0.74817828347032356 6.1831475038762118 56.360275582083339 6.0850000000000009 302308.56500000006 19.262418373194446 10583.080000000002 2243387.1550000007 2086.5000000000005 104.50000000000001 1654488.4150000003 1117.5000000000002
decision_type=2 2 2 2 2 2 2 2 2 2 2 2 2 2 2 2 2 2 2 2 2 2 2 2 2 2 2 2 2 2
left_child=1 10 4 19 5 6 -2 9 23 17 24 21 20 14 -14 -8 -11 -5 -10 -3 -4 22 -6 -9 -1 26 -12 29 -29 -26
right_child=2 3 12 7 11 -7 15 8 18 16 25 -13 13 -15 -16 -17 -18 -19 -20 -21 -22 -23 -24 -25 27 -27 -28 28 -30 -31
leaf_value=0.073696777596928109 -0.017883859105302612 0.033789550230888143 0.01786548334965575 0.016695892532809314 -0.0064678174721278861 0.06531022802993787 0.024203977325371006 -0.033721607604610827 0.024177823332886605 0.040594219737668032 0.033966922311925551 0.051905944304962412 0.062059404653481982 -0.017984081768075432 -8.6106994944614576e-05 -0.0018798544670855337 0.0085633690358707312 0.031275588933062419 -0.024046277660896363 0.053555782909515647 0.061010855305547937 -0.017186774843047391 0.015999139154265672 0.0071629519064050733 0.034890241179109306 -0.0097927330859680171 0.048490791975870487 0.053746500698051168 0.018212233881239326 0.05072622290801173
leaf_weight=95.029460549354553 170.6157331764698 964.92227430641651 67.937757149338722 1061.1659236550331 661.37107887864113 65.007334217429161 406.33091776072979 95.705456882715225 650.4261891245842 928.25636997818947 1341.6723630428314 34.007875069975853 67.954758405685425 65.611631438136101 44.89681176841259 226.73644690215588 107.37945464253426 811.49690395593643 44.835660248994827 330.95887494087219 179.88911093771458 401.58796638250351 250.58751860260963 78.380918934941292 767.82261860370636 30.126750230789185 431.39879950881004 1237.2708553671837 87.320579916238785 532.83039213716984
leaf_count=202 780 3058 236 3817 2884 158 1421 466 2254 2828 4156 106 173 296 184 924 397 2600 202 899 445 1845 962 312 2351 127 1173 3235 301 1423
internal_value=0.029375 0.0353357 0.00772745 0.0283845 0.00234529 0.0122057 0.00791024 0.0247986 0.0137826 0.0280915 0.0431321 -0.00401114 0.0357089 0.0169973 0.0373355 0.0148619 0.0372731 0.0230138 0.021068 0.0388377 0.0491832 -0.00545884 -0.000294359 -0.0153137 0.0473888 0.0367105 0.0375007 0.0464365 0.051404 0.0413777
internal_weight=12239.5 9597 2642.53 5073.53 2216.24 868.69 803.683 3777.65 869.348 2908.3 4523.47 1347.55 426.29 178.463 112.852 633.067 1035.64 1872.66 695.262 1295.88 247.827 1313.55 911.959 174.086 2720.27 1803.2 1773.07 2625.24 1324.59 1300.65
internal_count=40215 29801 10414 16833 9080 3283 3125 12876 3234 9642 12968 5797 1334 653 357 2345 3225 6417 2456 3957 681 5691 3846 778 7512 5456 5329 7310 3536 3774
is_linear=0
shrinkage=0.03


Tree=5
num_leaves=31
num_cat=0
split_feature=30 30 25 33 32 26 31 27 27 33 27 21 23 5 30 21 32 19 27 27 26 3 43 33 1 33 27 27 19 21
split_gain=1557.23 498.932 425.05 320.45 214.297 235.004 206.123 198.848 191.214 186.757 166.716 157.377 141.014 138.302 128.141 126.113 114.563 110.007 95.7803 284.896 129.412 129.709 105.57 94.7331 91.1754 89.7773 76.0077 75.3481 77.2772 75.6203
threshold=35.481324270833341 8.3981722548611124 180.50000000000003 0.25378595983447605 370972.50000000006 665079.89500000014 23720.975000000002 3328283.6550000007 3436443.9700000007 0.12893149114907212 494451.36500000005 2154.5000000000005 0.47253824606765787 -2.5239861585325083 99.50806243000001 66.500000000000014 18363.000000000004 33.255000000000003 1096000.0150000004 1160626.5450000002 135044.12000000002 38.500000000000007 0.53541459010422954 0.28242248070665826 4858.6400000000012 0.18398870544460397 631291.20500000019 2584442.3050000006 9.2450000000000028 1551.5000000000002
decision_type=2 2 2 2 2 2 2 2 2 2 2 2 2 2 2 2 2 2 2 2 2 2 2 2 2 2 2 2 2 2
left_child=1 13 3 18 5 8 14 12 16 24 23 -9 15 -1 26 -6 -3 -14 20 -20 21 -2 -21 -11 -4 -22 -5 28 -15 -30
right_child=2 4 9 6 7 -7 -8 11 -10 10 -12 -13 17 27 -16 -17 -18 -19 19 22 25 -23 -24 -25 -26 -27 -28 -29 29 -31
leaf_value=0.047053000991591973 -0.0038412903728212893 0.069641903348550943 -0.020913017972370274 0.020607716008353205 -0.018398278958852456 0.050014930219870544 0.048656446728717169 0.054259388817970981 -0.013708778682322205 0.013396018513762653 0.075324918578714817 -0.01106272439323556 -0.0038692211958868696 0.043222447947530378 -0.038676913128168282 0.046152635244565379 0.028480244581132956 0.03184480735315872 0.063728785200357102 -0.018520321233400552 -0.028388448566548496 0.043977078191515667 0.021149791346250783 0.056680737008401538 0.031166230710320257 0.010700116874657373 -0.024387003767477364 -0.0047574735272798421 0.024995903965420996 0.038982734484317251
leaf_weight=2071.545881703496 918.8153438270092 61.922103032469749 63.110932096838951 336.06858862936497 34.399244993925095 498.67301036417484 182.85137540102005 166.04098290205002 96.013814136385918 115.79153296351433 121.88289918005466 41.488396778702736 518.62759400904179 1095.0339934229851 42.871357604861259 130.87012986838818 3533.2031231224537 91.284807041287422 72.180345445871353 161.57581605017185 315.79599349200726 54.056987553834915 96.394093915820122 74.970453903079033 58.113323763012886 63.518911823630333 37.566138103604317 39.028041422367096 641.06233322620392 760.71069699525833
leaf_count=5530 3930 135 289 1197 152 1327 512 438 407 420 239 175 2129 3062 221 388 11461 293 195 744 1548 173 346 188 188 246 173 160 2055 2173
internal_value=0.0285421 0.0341227 0.00844381 0.0032682 0.0277276 0.0306848 0.0221041 0.0151191 0.0280733 0.0356621 0.0479181 0.0412005 0.00813664 0.0413023 0.0104473 0.032717 0.0291892 0.00147605 -0.00344237 0.0110442 -0.00697941 -0.0011843 -0.00369702 0.0304071 0.00405309 -0.0218428 0.0160838 0.0366045 0.037251 0.0325862
internal_weight=12495.5 9779.9 2715.56 2281.69 5172.52 4189.81 599.357 982.711 3691.14 433.869 312.645 207.529 775.182 4607.38 416.506 165.269 3595.13 609.912 1682.34 330.15 1352.19 972.872 257.97 190.762 121.224 379.315 373.635 2535.84 2496.81 1401.77
internal_count=40494 29885 10609 9285 16905 13330 2103 3575 12003 1324 847 613 2962 12980 1591 540 11596 2422 7182 1285 5897 4103 1090 608 477 1794 1370 7450 7290 4228
is_linear=0
shrinkage=0.03


Tree=6
num_leaves=31
num_cat=0
split_feature=30 30 25 33 31 32 26 43 36 32 22 33 6 25 31 22 43 24 23 2 30 23 24 31 3 31 19 25 32 43
split_gain=1395.12 439.303 401.284 285.715 223.654 167.286 247.5 199.303 184.431 175.23 174.307 163.312 152.406 145.837 166.594 119.779 116.187 114.484 122.011 93.105 91.9594 83.5095 83.2741 78.7827 76.467 76.4391 72.9296 71.8328 71.6646 69.4176
threshold=35.481324270833341 8.5438002397222252 180.50000000000003 0.25378595983447605 23720.975000000002 340950.00000000006 165560.74000000002 0.54425319656138671 45.000000000000007 169672.50000000003 111.50000000000001 0.13057206862061013 4.5846511535677834 827.50000000000011 30622.210000000003 47.500000000000007 0.46907364081996444 63.425000000000004 0.65854130119027421 135.50000000000003 89.979702712916676 0.64152864773469631 207.50000000000003 10583.080000000002 54.500000000000007 45911.590000000004 11.095000000000001 911.50000000000011 370972.50000000006 0.54561732074102287
decision_type=2 2 2 2 2 2 2 2 2 2 2 2 2 2 2 2 2 2 2 2 2 2 2 2 2 2 2 2 2 2
left_child=1 12 3 19 16 6 13 9 10 -8 28 29 23 14 -3 -13 -5 21 -19 26 -21 -10 -12 -1 25 -25 -2 -9 -7 -4
right_child=2 5 11 4 -6 8 7 27 17 -11 22 15 -14 -15 -16 -17 -18 18 -20 20 -22 -23 -24 24 -26 -27 -28 -29 -30 -31
leaf_value=0.069200069204506734 -0.0020374764164403738 0.024344202305323033 0.020190268023555138 -0.035469521576430428 0.047372193219321929 0.057245344671190135 0.030448228853591726 0.04587893066339329 -0.01562559889836385 -0.015173614887044955 0.042312847467007399 0.0036467611540843933 0.031490320041196632 0.073820274742528155 -0.0024039772272292574 0.054194219874888636 0.013941278079147773 0.042010970363463011 -0.024439978961312721 0.059936390282346458 -0.0065610877736305357 0.011334969076928483 0.0057984445313980495 0.039052064406343165 0.047396295249619219 0.0079847189708411575 -0.018591732640883731 0.00078371839485806506 -0.016021842974147452 -0.027220814537739956
leaf_weight=98.701878353953362 1310.3732558339834 2106.5542915761471 95.677602469921112 48.629613786935806 191.20989651978016 13.840627759695051 411.82579360902309 1135.0400433242321 240.82304137945175 92.85558919608593 367.56263121962547 50.389057263731956 1644.2800870090723 49.303426325321198 232.7127740085125 259.34633836150169 359.19773927330971 110.43623603880405 32.095137596130371 40.334696501493454 34.921313136816025 181.20003816485405 66.359751880168915 1556.4491776078939 1293.5670152455568 74.697848528623581 293.08181454241276 32.70710277557373 91.096137940883636 39.174044191837311
leaf_count=198 5570 6976 337 249 521 38 1267 3034 1055 385 1058 190 4915 113 912 635 1321 324 145 107 150 690 246 4341 3318 262 1358 121 400 184
internal_value=0.0269086 0.0321709 0.00790304 0.00281439 0.0206011 0.0261422 0.0289567 0.0378076 0.0157839 0.0220543 0.028338 0.0339736 0.0388411 0.0227594 0.0216833 0.0459709 0.0080495 0.00380127 0.0270476 -0.00353269 0.0290793 -0.0040498 0.0367287 0.0428388 0.0419492 0.0376293 -0.00506329 0.0446159 -0.00635827 0.00641747
internal_weight=12554.4 9832.11 2722.34 2277.75 599.037 5164.41 4061 1672.43 1103.41 504.681 538.859 444.587 4667.7 2388.57 2339.27 309.735 407.827 564.554 142.531 1678.71 75.256 422.023 433.922 3023.42 2924.71 1631.15 1603.46 1167.75 104.937 134.852
internal_count=40420 29798 10622 9276 2091 16764 12808 4807 3956 1652 1742 1346 13034 8001 7888 825 1570 2214 469 7185 257 1745 1304 8119 7921 4603 6928 3155 438 521
is_linear=0
shrinkage=0.03


Tree=7
num_leaves=31
num_cat=0
split_feature=30 30 25 33 31 24 33 33 27 27 25 24 25 20 26 32 27 30 43 30 43 33 27 27 20 4 39 23 43 27
split_gain=1271.97 380.547 356.559 232.526 212.28 205.301 194.132 148.618 142.703 137.618 127.569 134.295 125.892 123.058 123.02 136.29 104.064 103.225 99.0626 98.0744 101.743 114.279 109.114 90.6387 90.0671 89.7641 77.6036 77.5498 73.8478 73.8371
threshold=36.097948349166678 8.3981722548611124 180.50000000000003 0.25378595983447605 23720.975000000002 -29.444999999999997 0.13057206862061013 0.13057206862061013 5755706.6000000006 494451.36500000005 -11.744999999999999 86.530000000000015 -26.494999999999994 1445.9500000000003 160039.07000000004 32442.000000000004 1688838.4050000003 64.587533882500011 0.54425319656138671 41.125261096944449 0.65268181142502402 0.11981439976747517 687791.57000000018 989066.07500000007 7803.8600000000015 -4.2320913182261659 3.7523275906874738 0.58947734717585376 0.59168995626363852 3745567.3850000002
decision_type=2 2 2 2 2 2 2 2 2 2 2 2 2 2 2 2 2 2 2 2 2 2 2 2 2 2 2 2 2 2
left_child=1 10 3 19 17 6 12 23 13 -9 -1 27 -3 -7 15 -8 26 -5 -16 29 22 -22 -21 -4 -19 -15 -13 28 -12 -2
right_child=2 5 7 4 -6 8 14 9 -10 -11 11 16 -14 25 18 -17 -18 24 -20 20 21 -23 -24 -25 -26 -27 -28 -29 -30 -31
leaf_value=0.052284190533258328 -0.033545365877435326 0.067337196664734408 -0.021272605990546818 0.015390234911245396 0.045693232093473736 -0.018048257853354125 0.042052511027175006 0.028113674395032602 0.063450977295306521 0.069675493775241959 0.025364787785122685 0.044254363574173144 -0.027772759409245795 0.033064675367251752 0.028601955821059375 0.017271857377169676 0.014350670515118935 -0.033175358949413154 0.049466664224679366 -0.0095402480848220533 -0.025375587320192773 0.074532813812759308 0.0069522366920075334 0.028125239345710176 0.041849242144120676 0.019002160660703142 0.032698167545499028 0.03679744711052968 -0.0063152003573799919 0.043238056990998183
leaf_weight=451.82903684675694 129.66486096382141 15.247932597994803 60.243938088417053 306.90077573060989 183.49223497509956 74.142009779810905 331.22942481935024 188.45522603392601 69.99743315577507 115.73491291701794 845.14976669847965 1810.7988944500685 70.148321971297264 477.43984827399254 298.90003944933414 503.20314595103264 140.00281216204166 81.232768997550011 650.51656432449818 810.57709446549416 15.165374517440794 32.144163981080055 650.98748354613781 75.109992370009422 17.504559189081192 2830.2628813832998 735.38405030965805 593.92106135189533 71.853402525186539 12.344608023762701
leaf_count=1075 640 34 278 1108 490 326 912 582 152 214 2569 4669 330 1452 919 1736 473 400 1625 3591 71 82 2651 244 57 9583 2115 1644 268 38
internal_value=0.0259357 0.0308675 0.00758559 0.00273794 0.0189181 0.0253891 0.0333968 0.0322903 0.0210528 0.0439267 0.037138 0.0355074 -0.0107904 0.0201752 0.0355121 0.0271086 0.0395321 0.00680632 0.0428979 -0.00303608 -0.000792858 0.0425065 -0.00219442 0.00613902 -0.0198747 0.021032 0.0409167 0.0283522 0.0228824 -0.0268707
internal_weight=12649.6 9970.03 2679.56 2240.01 589.13 5321.09 1869.25 439.544 3451.84 304.19 4648.94 4197.11 85.3963 3381.84 1783.85 834.433 2686.19 405.638 949.417 1650.88 1508.87 47.3095 1461.56 135.354 98.7373 3307.7 2546.18 1510.92 917.003 142.009
internal_count=40328 29882 10446 9128 2055 17069 5556 1318 11513 796 12813 11738 364 11361 5192 2648 7257 1565 2544 7073 6395 153 6242 522 457 11035 6784 4481 2837 678
is_linear=0
shrinkage=0.03


Tree=8
num_leaves=31
num_cat=0
split_feature=30 30 25 33 37 26 27 30 33 27 27 25 23 8 31 17 27 25 27 27 27 37 20 23 6 30 33 22 27 17
split_gain=1208.17 385.776 333.531 248.312 175.164 218.671 154.242 144.287 143.762 138.264 130.928 130.225 125.984 122.826 115.492 101.243 95.5746 92.6778 78.6124 80.7682 75.6142 79.6881 75.58 78.1682 73.1567 71.5332 68.6511 64.1358 84.4064 61.2385
threshold=35.481324270833341 8.5438002397222252 180.50000000000003 0.25378595983447605 361397.50000000006 175860.67000000001 5755706.6000000006 111.42380628513891 0.12893149114907212 3436443.9700000007 494451.36500000005 -25.369999999999994 0.73912174955271082 -3.3273957621326092e-07 23720.975000000002 32.149062487417972 1118860.4800000002 827.50000000000011 2584442.3050000006 286861.51000000007 989066.07500000007 875552.00000000012 112597.53500000002 0.4346042072586771 -17.756429962857112 57.769845845138896 0.62751811698610049 45.500000000000007 116976.09000000001 23.558731274699017
decision_type=2 2 2 2 2 2 2 2 2 2 2 2 2 2 2 2 2 2 2 2 2 2 2 2 2 2 2 2 2 2
left_child=1 11 3 24 5 9 12 14 20 17 -10 26 15 16 29 -6 -13 -3 19 -15 -4 -22 23 -7 -2 -16 -1 -26 -29 -5
right_child=2 4 8 7 6 22 -8 -9 10 -11 -12 13 -14 18 25 -17 -18 -19 -20 -21 21 -23 -24 -25 27 -27 -28 28 -30 -31
leaf_value=0.063818451122004335 0.045637449511948008 0.021174741755918387 -0.02219808754131132 -0.010214021337938313 -0.0036235835149598327 -0.010636568181119752 0.051134502961442785 -0.037865599561388123 0.026211597595844432 -0.032353543101234263 0.065713453420979728 0.043840636364424611 -0.033973920824804389 0.024939991645202917 0.02779198623429718 0.018698285826002286 0.025166382729272675 0.058645835415454005 -0.015600463045974573 0.035369135305525552 0.059623130991098554 -0.0045127039469688417 0.047026199064994362 0.032957593321590768 -0.016317500061361921 0.066581603564598094 0.01900114878782375 0.030777881317769748 -0.0032190185656848164 0.019428932554165741
leaf_weight=206.26681981980801 26.755412012338638 2478.4156101793051 56.0877985060215 79.012122347950935 260.07746267318726 38.127035945653915 86.512902468442917 37.79565954208374 193.72034929692745 42.714623153209686 123.76081581413746 1486.4919829368591 56.95483124256134 1109.0533211678267 114.40031437575817 616.03097783029079 295.73203010857105 60.864202842116356 32.645749673247337 1681.7568598389626 31.832935348153114 38.550187468528748 371.05414794385433 1272.9287889748812 324.48716434836388 68.352982997894287 36.152327984571457 69.38772477209568 1245.5946650803089 304.23558856546879
leaf_count=413 81 8131 265 335 1072 146 202 201 597 202 230 3722 281 3331 338 2101 877 150 137 4606 74 156 926 3640 1501 148 110 239 5344 1062
internal_value=0.0248306 0.0295924 0.00705421 0.00240328 0.0239849 0.0266559 0.0128143 0.0188859 0.0308354 0.0211725 0.0416102 0.0357036 0.00926125 0.0345756 0.0226756 0.0120719 0.0407419 0.0220729 0.0306832 0.0312246 0.00378721 0.0244947 0.0350729 0.0316898 -0.0035696 0.0423 0.0571348 -0.00437264 -0.0014251 0.0133176
internal_weight=12845.8 10131.8 2713.97 2270.02 5283.68 4264.1 1019.58 603.797 443.952 2581.99 317.481 4848.1 933.063 4605.68 566.001 876.108 1782.22 2539.28 2823.46 2790.81 126.471 70.3831 1682.11 1311.06 1666.22 182.753 242.419 1639.47 1314.98 383.248
internal_count=40618 30047 10571 9249 16851 13195 3656 2084 1322 8483 827 13196 3454 12673 1883 3173 4599 8281 8074 7937 495 230 4712 3786 7165 486 523 7084 5583 1397
is_linear=0
shrinkage=0.03


Tree=9
num_leaves=31
num_cat=0
split_feature=30 30 25 33 24 32 43 33 27 27 6 31 26 25 27 26 43 32 43 2 30 26 14 25 33 27 27 26 38 32
split_gain=1113.06 359.059 281.708 195.187 160.731 158.426 149.785 130.009 126.764 125.845 117.86 108.536 103.295 99.0182 97.1335 94.9995 91.3505 83.4349 80.5887 79.6941 73.8634 102.344 81.2623 69.4864 65.7556 64.9278 61.8053 141.22 119.226 60.0586
threshold=35.481324270833341 8.3981722548611124 180.50000000000003 0.25378595983447605 -32.074999999999996 410187.00000000006 0.46907364081996444 0.13057206862061013 2442492.4150000005 481304.19500000007 -3.416714722501212 23720.975000000002 8698.215000000002 -26.494999999999994 5755706.6000000006 160039.07000000004 0.71657304135041422 35870.500000000007 0.56863646386455435 116.50000000000001 89.979702712916676 133335.28000000003 0.61877609080616602 -25.369999999999994 0.22436973312026767 989066.07500000007 687791.57000000018 130568.36500000001 1.0416580230653081 875720.50000000012
decision_type=2 2 2 2 2 2 2 2 2 2 2 2 2 2 2 2 2 2 2 2 2 2 2 2 2 2 2 2 2 2
left_child=1 8 3 19 5 15 -5 25 10 -9 -1 -8 -6 -7 18 17 -17 -3 -14 26 21 -21 -22 -12 -25 -4 28 -28 -2 -27
right_child=2 4 7 6 12 13 11 9 -10 -11 23 -13 14 -15 -16 16 -18 -19 -20 20 22 -23 -24 24 -26 29 27 -29 -30 -31
leaf_value=0.040595791402053494 -0.011285010629307507 0.03509518005406715 -0.018851230223103848 -0.032104712234539153 -0.020522130090668035 0.060633000155816297 0.012365098507953608 0.023923556385260968 0.0017323201240193274 0.062594848289655391 0.055621454478090013 0.040644791445099998 0.015444951190766013 -0.028588764561127935 0.054700311187226999 0.041468901245954051 0.0022578103932611761 0.015344492894381282 0.02475489184888096 0.09347333051975347 -0.037710970201223229 0.010999899083183653 0.055392130139005111 0.034455218264703137 0.024766709915550446 0.052295318208939366 0.028970808745049238 -0.0044685091694450811 0.071637605558367276 -0.0014689978114820583
leaf_weight=2045.4712238013744 843.21079041063786 366.1149780601263 61.701870962977409 50.75233855843544 57.20276103913784 13.713180750608442 367.82427124679089 195.63152354955673 104.18435125052929 123.57628519833088 99.307587742805481 182.86736506223679 1971.2694947570562 60.9578867405653 71.60884602367878 854.06650272011757 57.044666811823845 405.92947041988373 1454.0420615524054 23.700868278741837 26.186401426792145 31.592728182673454 12.448095157742499 1383.8885103017092 1158.0392047017813 33.878731518983841 142.00062118470669 569.59713649749756 15.899400949478148 41.735525980591774
leaf_count=5111 3796 1029 286 263 259 30 1335 603 380 226 214 478 6692 288 156 2204 194 1391 4549 43 133 115 35 3738 3434 80 507 2467 45 167
internal_value=0.023919 0.0285069 0.00689449 0.00256315 0.0231358 0.0305561 0.0172109 0.0283943 0.0344622 0.0388945 0.0351898 0.0217559 0.0194658 -0.0122034 0.0201199 0.0324531 0.0390139 0.0247106 0.019397 -0.00272918 0.0241134 0.046351 -0.00771301 0.0310032 0.0300414 0.00398521 -0.00433437 0.00220437 -0.00975038 0.0226199
internal_weight=12825.4 10102.8 2722.6 2266.08 5311.95 1757.83 601.444 456.524 4790.89 319.208 4686.71 550.692 3554.12 74.6711 3496.92 1683.16 911.111 772.044 3425.31 1664.64 93.9281 55.2936 38.6345 2641.24 2541.93 137.316 1570.71 711.598 859.11 75.6143
internal_count=40248 29669 10579 9217 16792 5136 2076 1362 12877 829 12497 1813 11656 318 11397 4818 2398 2420 11241 7141 326 158 168 7386 7172 533 6815 2974 3841 247
is_linear=0
shrinkage=0.03


Tree=10
num_leaves=31
num_cat=0
split_feature=30 9 25 33 30 26 30 21 32 27 7 36 31 9 27 19 27 21 31 24 20 33 27 30 27 30 27 33 27 27
split_gain=1086.9 328.238 284.878 227.643 193.586 160.103 123.596 114.368 109.872 169.472 155.583 140.276 103.735 101.861 100.802 97.7443 97.4661 92.4053 142.811 95.5494 95.2626 89.7239 109.378 84.5175 119.39 82.3477 81.2509 80.5722 67.5055 65.9261
threshold=36.097948349166678 -13.291769745377994 180.50000000000003 0.25378595983447605 8.5438002397222252 53243.860000000008 76.512959490833353 305.50000000000006 340950.00000000006 5755706.6000000006 2.7561932245515695 45.000000000000007 10916.115000000002 -23.612091605789171 375146.55000000005 28.275000000000002 500812.87000000005 1253.5000000000002 34344.205000000009 501.50000000000006 6304.9250000000002 0.12893149114907212 481304.19500000007 64.587533882500011 262366.21500000003 43.40831352180556 989066.07500000007 0.28242248070665826 121836.64000000001 739010.03000000014
decision_type=2 2 2 2 2 2 2 2 2 2 2 2 2 2 2 2 2 2 2 2 2 2 2 2 2 2 2 2 2 2
left_child=1 7 3 13 17 23 14 -1 11 10 -10 16 -9 -2 -7 -13 -6 18 20 -20 -3 26 27 24 -5 -15 -4 28 -23 -27
right_child=2 4 21 5 8 6 -8 12 9 -11 -12 15 -14 25 -16 -17 -18 -19 19 -21 -22 22 -24 -25 -26 29 -28 -29 -30 -31
leaf_value=0.025789903577182017 0.055296449953749195 0.045839490630880338 -0.023866473265438573 0.030489107541521093 0.0044638926125767911 -0.0052388140033818829 0.066839667057883245 0.069200236090511541 -0.0061893173987382635 0.052526443013858712 0.01979303816211123 0.033673002714867305 0.037079473404590751 -0.023048118243837415 0.032533982734905154 0.0049088433204835758 0.020809988920685623 0.035608563979895244 0.016525754019617235 -0.022956528627374649 0.024856770908066799 0.03442394291484787 0.058155622141167887 -0.024390711296510024 -0.03754925641766349 -0.0076015205095084819 0.02607379443499918 0.04615103946423784 -0.010965689504653745 0.0056905919279110371
leaf_weight=892.34844635426998 25.627942383289337 241.50537899136543 49.092937842011452 92.581574529409409 416.35195621848106 89.551638141274452 65.892805889248848 93.897018998861313 430.04661148786545 78.243755593895912 400.66675531864166 1006.0189697295427 2492.9979411810637 199.12988804280758 219.287906691432 118.88886676728725 1552.312213614583 1303.5814375728369 180.98762355744839 79.351908504962921 1005.5108895301819 49.256098866462708 125.08881452679634 93.348669186234474 30.978239044547081 865.23294734954834 72.798725202679634 78.602465495467186 73.484832435846329 548.85079970955849
leaf_count=2646 70 581 241 295 1484 350 132 162 1768 169 1330 2852 6433 944 646 414 4907 3411 558 318 2920 142 232 451 145 3842 231 189 288 2248
internal_value=0.0231235 0.0275537 0.00610134 0.00171526 0.0237254 0.0176663 0.0295395 0.0350508 0.0194877 0.010318 0.0063424 0.0221819 0.0382454 -0.00404324 0.0215813 0.030633 0.017353 0.0297595 0.0247012 0.00449149 0.0289204 0.0279228 0.0361238 -0.002846 0.0134309 -0.00498593 0.00595991 0.0224361 0.00724923 -0.00244243
internal_weight=12971.5 10292.7 2678.81 2230.48 6813.47 591.641 374.732 3479.24 4002.53 908.957 830.713 3093.57 2586.89 1638.84 308.84 1124.91 1968.66 2810.94 1507.36 260.34 1247.02 448.324 326.432 216.908 123.56 1613.21 121.892 201.343 122.741 1414.08
internal_count=40399 29953 10446 9123 20712 2019 1128 9241 12924 3267 3098 9657 6595 7104 996 3266 6391 7788 4377 876 3501 1323 851 891 440 7034 472 619 430 6090
is_linear=0
shrinkage=0.03


end of trees

feature_importances:
volume_h24=54
token_age_hours=35
volume_h6=27
price_change_h24=26
liq_to_mcap_ratio=24
buyer_seller_ratio_h24=22
market_cap=21
liquidity_usd=18
price_change_h6=15
price_change_h1=10
buys_h1=10
buyer_seller_ratio_h1=9
price_change_15m=7
fdv=7
volume_h1=6
price_volatility_15m=5
sells_h1=5
avg_trade_size_15m=4
boost_count=4
price_vs_session_high=3
volume_m5=2
buys_m5=2
sells_m5=2
price_change_10m=2
vol_to_liquidity_15m=2
price_change_3m=1
price_trend_15m=1
buys_sum_15m=1
sells_sum_15m=1
buy_sell_ratio_15m=1
fdv_mcap_ratio=1
liq_quote_change_10m=1
prev_buys_m5=1

parameters:
[boosting: gbdt]
[objective: binary]
[metric: auc,binary_logloss]
[tree_learner: serial]
[device_type: cpu]
[data_sample_strategy: bagging]
[data: ]
[valid: ]
[num_iterations: 600]
[learning_rate: 0.03]
[num_leaves: 31]
[num_threads: 0]
[seed: 0]
[deterministic: 0]
[force_col_wise: 0]
[force_row_wise: 0]
[histogram_pool_size: -1]
[max_depth: 6]
[min_data_in_leaf: 50]
[min_sum_hessian_in_leaf: 0.001]
[bagging_fraction: 0.8]
[pos_bagging_fraction: 1]
[neg_bagging_fraction: 1]
[bagging_freq: 1]
[bagging_seed: 3]
[bagging_by_query: 0]
[feature_fraction: 0.8]
[feature_fraction_bynode: 1]
[feature_fraction_seed: 2]
[extra_trees: 0]
[extra_seed: 6]
[early_stopping_round: 0]
[early_stopping_min_delta: 0]
[first_metric_only: 0]
[max_delta_step: 0]
[lambda_l1: 0]
[lambda_l2: 0]
[linear_lambda: 0]
[min_gain_to_split: 0]
[drop_rate: 0.1]
[max_drop: 50]
[skip_drop: 0.5]
[xgboost_dart_mode: 0]
[uniform_drop: 0]
[drop_seed: 4]
[top_rate: 0.2]
[other_rate: 0.1]
[min_data_per_group: 100]
[max_cat_threshold: 32]
[cat_l2: 10]
[cat_smooth: 10]
[max_cat_to_onehot: 4]
[top_k: 20]
[monotone_constraints: ]
[monotone_constraints_method: basic]
[monotone_penalty: 0]
[feature_contri: ]
[forcedsplits_filename: ]
[refit_decay_rate: 0.9]
[cegb_tradeoff: 1]
[cegb_penalty_split: 0]
[cegb_penalty_feature_lazy: ]
[cegb_penalty_feature_coupled: ]
[path_smooth: 0]
[interaction_constraints: ]
[verbosity: -1]
[saved_feature_importance_type: 0]
[use_quantized_grad: 0]
[num_grad_quant_bins: 4]
[quant_train_renew_leaf: 0]
[stochastic_rounding: 1]
[linear_tree: 0]
[max_bin: 255]
[max_bin_by_feature: ]
[min_data_in_bin: 3]
[bin_construct_sample_cnt: 200000]
[data_random_seed: 1]
[is_enable_sparse: 1]
[enable_bundle: 1]
[use_missing: 1]
[zero_as_missing: 0]
[feature_pre_filter: 1]
[pre_partition: 0]
[two_round: 0]
[header: 0]
[label_column: ]
[weight_column: ]
[group_column: ]
[ignore_column: ]
[categorical_feature: ]
[forcedbins_filename: ]
[precise_float_parser: 0]
[parser_config_file: ]
[objective_seed: 5]
[num_class: 1]
[is_unbalance: 0]
[scale_pos_weight: 2.7038]
[sigmoid: 1]
[boost_from_average: 1]
[reg_sqrt: 0]
[alpha: 0.9]
[fair_c: 1]
[poisson_max_delta_step: 0.7]
[tweedie_variance_power: 1.5]
[lambdarank_truncation_level: 30]
[lambdarank_norm: 1]
[label_gain: ]
[lambdarank_position_bias_regularization: 0]
[eval_at: ]
[multi_error_top_k: 1]
[auc_mu_weights: ]
[num_machines: 1]
[local_listen_port: 12400]
[time_out: 120]
[machine_list_filename: ]
[machines: ]
[gpu_platform_id: -1]
[gpu_device_id: -1]
[gpu_use_dp: 0]
[num_gpu: 1]

end of parameters

pandas_categorical:null
